              precision    recall  f1-score   support

          体育       0.19      0.70      0.30        10
          娱乐       0.67      0.20      0.31        10
          家居       0.40      0.20      0.27        10
          房产       1.00      0.10      0.18        10
          教育       0.44      0.40      0.42        10
          时尚       0.37      0.70      0.48        10
          时政       0.62      0.50      0.56        10
          游戏       1.00      0.40      0.57        10
          科技       0.11      0.10      0.11        10
          财经       0.40      0.20      0.27        10

    accuracy                           0.35       100
   macro avg       0.52      0.35      0.35       100
weighted avg       0.52      0.35      0.35       100

              precision    recall  f1-score   support

          体育       0.15      0.50      0.23        10
          娱乐       0.75      0.30      0.43        10
          家居       0.50      0.20      0.29        10
          房产       1.00      0.30      0.46        10
          教育       0.43      0.30      0.35        10
          时尚       0.57      0.40      0.47        10
          时政       0.40      0.40      0.40        10
          游戏       1.00      0.60      0.75        10
          科技       0.36      0.50      0.42        10
          财经       0.55      0.60      0.57        10

    accuracy                           0.41       100
   macro avg       0.57      0.41      0.44       100
weighted avg       0.57      0.41      0.44       100

              precision    recall  f1-score   support

          体育       0.17      0.40      0.24        10
          娱乐       0.75      0.30      0.43        10
          家居       1.00      0.30      0.46        10
          房产       0.60      0.30      0.40        10
          教育       0.38      0.30      0.33        10
          时尚       0.25      0.50      0.33        10
          时政       0.71      0.50      0.59        10
          游戏       0.80      0.40      0.53        10
          科技       0.31      0.40      0.35        10
          财经       0.42      0.50      0.45        10

    accuracy                           0.39       100
   macro avg       0.54      0.39      0.41       100
weighted avg       0.54      0.39      0.41       100

              precision    recall  f1-score   support

          体育       0.27      0.90      0.42        10
          娱乐       1.00      0.60      0.75        10
          家居       0.75      0.30      0.43        10
          房产       1.00      0.30      0.46        10
          教育       0.80      0.40      0.53        10
          时尚       0.53      1.00      0.69        10
          时政       0.57      0.40      0.47        10
          游戏       1.00      0.60      0.75        10
          科技       0.45      0.50      0.48        10
          财经       0.50      0.30      0.37        10

    accuracy                           0.53       100
   macro avg       0.69      0.53      0.54       100
weighted avg       0.69      0.53      0.54       100

              precision    recall  f1-score   support

          体育       0.28      0.70      0.40        10
          娱乐       1.00      0.10      0.18        10
          家居       0.33      0.10      0.15        10
          房产       1.00      0.40      0.57        10
          教育       0.25      0.20      0.22        10
          时尚       0.31      0.50      0.38        10
          时政       0.56      0.50      0.53        10
          游戏       1.00      0.20      0.33        10
          科技       0.15      0.30      0.20        10
          财经       0.50      0.60      0.55        10

    accuracy                           0.36       100
   macro avg       0.54      0.36      0.35       100
weighted avg       0.54      0.36      0.35       100

              precision    recall  f1-score   support

          体育       0.21      0.70      0.33        10
          娱乐       1.00      0.70      0.82        10
          家居       0.67      0.20      0.31        10
          房产       1.00      0.10      0.18        10
          教育       0.25      0.10      0.14        10
          时尚       0.32      0.60      0.41        10
          时政       0.83      0.50      0.62        10
          游戏       1.00      0.50      0.67        10
          科技       0.41      0.70      0.52        10
          财经       0.20      0.10      0.13        10

    accuracy                           0.42       100
   macro avg       0.59      0.42      0.41       100
weighted avg       0.59      0.42      0.41       100

              precision    recall  f1-score   support

          体育       0.25      0.80      0.38        10
          娱乐       1.00      0.30      0.46        10
          家居       0.50      0.10      0.17        10
          房产       0.80      0.40      0.53        10
          教育       0.40      0.40      0.40        10
          时尚       0.33      0.50      0.40        10
          时政       0.33      0.10      0.15        10
          游戏       1.00      0.30      0.46        10
          科技       0.23      0.50      0.31        10
          财经       0.20      0.10      0.13        10

    accuracy                           0.35       100
   macro avg       0.50      0.35      0.34       100
weighted avg       0.50      0.35      0.34       100

              precision    recall  f1-score   support

          体育       0.20      0.80      0.32        10
          娱乐       1.00      0.50      0.67        10
          家居       0.40      0.20      0.27        10
          房产       1.00      0.30      0.46        10
          教育       0.20      0.10      0.13        10
          时尚       0.23      0.30      0.26        10
          时政       0.50      0.30      0.37        10
          游戏       1.00      0.10      0.18        10
          科技       0.38      0.60      0.46        10
          财经       0.33      0.20      0.25        10

    accuracy                           0.34       100
   macro avg       0.52      0.34      0.34       100
weighted avg       0.52      0.34      0.34       100

              precision    recall  f1-score   support

          体育       0.20      0.80      0.31        10
          娱乐       1.00      0.40      0.57        10
          家居       1.00      0.10      0.18        10
          房产       1.00      0.60      0.75        10
          教育       0.75      0.60      0.67        10
          时尚       0.60      0.60      0.60        10
          时政       0.80      0.40      0.53        10
          游戏       1.00      0.50      0.67        10
          科技       0.31      0.50      0.38        10
          财经       0.25      0.10      0.14        10

    accuracy                           0.46       100
   macro avg       0.69      0.46      0.48       100
weighted avg       0.69      0.46      0.48       100

              precision    recall  f1-score   support

          体育       0.28      0.70      0.40        10
          娱乐       0.50      0.40      0.44        10
          家居       1.00      0.40      0.57        10
          房产       1.00      0.40      0.57        10
          教育       0.40      0.40      0.40        10
          时尚       0.50      0.80      0.62        10
          时政       0.60      0.30      0.40        10
          游戏       0.83      0.50      0.62        10
          科技       0.20      0.30      0.24        10
          财经       0.57      0.40      0.47        10

    accuracy                           0.46       100
   macro avg       0.59      0.46      0.47       100
weighted avg       0.59      0.46      0.47       100
